RT=UNDEFINED   LT=UNDEFINED
0	132430
1	131838
2	131981
3	132307
4	132665
5	132476
6	132413
7	132250
8	132743
9	132921
10	132278
11	131976
12	132694
13	132712
14	132486
15	132459
16	132912
17	132804
18	132109
19	132349
20	132778
21	132846
22	132453
23	132405
24	132887
25	132646
26	132328
27	132768
28	132072
29	132494
30	132168
31	132860
32	132128
33	132583
34	132500
35	132213
36	132300
37	132365
38	132243
39	133028
40	132829
41	132262
42	133062
43	132927
44	132583
45	132471
46	132867
47	132269
48	132342
49	132327
50	132841
51	132722
52	132782
53	133393
54	131904
55	132550
56	132648
57	132862
58	133017
59	132706
60	133127
61	132195
62	132489
63	132944
64	132551
65	132675
66	132856
67	132707
68	132582
69	132552
70	132759
71	132544
72	132340
73	132931
74	132796
75	132998
76	133037
77	132357
78	132497
79	132885
80	132371
81	132661
82	133329
83	132970
84	132266
85	132653
86	132569
87	132633
88	132590
89	133239
90	132991
91	132185
92	131934
93	132160
94	132163
95	132707
96	132593
97	132784
98	133196
99	132537
100	132245
101	133024
102	132918
103	132722
104	132684
105	132842
106	133069
107	132430
108	132851
109	132186
110	132322
111	132310
112	132846
113	132402
114	132026
115	132524
116	132261
117	132163
118	132276
119	132239
120	131237
121	131527
122	131707
123	131570
124	131274
125	131287
126	130883
127	130970
128	131027
129	130788
130	130116
131	130030
132	130174
133	130277
134	129672
135	129285
136	128775
137	128215
138	127451
139	127404
140	127365
141	126775
142	125724
143	123960
144	123569
145	122024
146	120523
147	119277
148	118248
149	115904
150	114574
151	112139
152	111268
153	109082
154	108357
155	107161
156	107167
157	107158
158	107460
159	109020
160	109368
161	111364
162	112447
163	114854
164	115613
165	117868
166	118597
167	120489
168	121364
169	122069
170	123735
171	124247
172	124742
173	125889
174	126216
175	126247
176	126941
177	127010
178	128145
179	127604
180	128290
181	128835
182	128391
183	129536
184	128702
185	129460
186	130343
187	130804
188	130695
189	131295
190	131115
191	131621
192	131478
193	131662
194	132033
195	131518
196	132270
197	132161
198	132533
199	132014
200	132228
201	132560
202	132658
203	132369
204	132223
205	133099
206	132755
207	132929
208	132874
209	133004
210	132757
211	133809
212	133012
213	132387
214	133755
215	132300
216	133146
217	133557
218	133753
219	133773
220	133366
221	133056
222	134246
223	133408
224	133577
225	134311
226	134100
227	133328
228	133224
229	133304
230	133960
231	132935
232	133858
233	134304
234	133656
235	133041
236	133883
237	133643
238	133565
239	133879
240	134001
241	133324
242	133084
243	133298
244	133356
245	133814
246	133600
247	133460
248	133950
249	133664
250	134382
251	133726
252	132938
253	133663
254	133145
255	133924
256	133654
257	133277
258	133473
259	133510
260	133553
261	134611
262	133288
263	133224
264	133584
265	132960
266	133377
267	133583
268	132619
269	133173
270	133065
271	132656
272	132894
273	132718
274	132771
275	132405
276	132688
277	132803
278	131761
279	132342
280	131414
281	131392
282	130889
283	131091
284	130261
285	130834
286	129680
287	129137
288	129049
289	128239
290	127130
291	127038
292	125595
293	123668
294	123460
295	122924
296	120896
297	119173
298	117967
299	116353
300	114979
301	113660
302	113341
303	113139
304	113303
305	114096
306	115399
307	116587
308	117868
309	119842
310	121680
311	121414
312	123133
313	124111
314	125013
315	125253
316	126344
317	127190
318	127970
319	128570
320	128881
321	129445
322	129674
323	130846
324	130403
325	131172
326	131841
327	131895
328	132266
329	131856
330	132018
331	132480
332	132543
333	133315
334	133590
335	132646
336	133599
337	132640
338	133534
339	133675
340	134174
341	133532
342	133646
343	134145
344	134206
345	133171
346	133847
347	133607
348	134346
349	133687
350	134065
351	134340
352	133911
353	134443
354	134359
355	134444
356	134266
357	134102
358	134105
359	134415
360	134337
361	134963
362	134855
363	134180
364	134492
365	134361
366	133942
367	134025
368	134957
369	134095
370	133951
371	134654
372	133590
373	134409
374	134795
375	134479
376	133986
377	134258
378	134340
379	134052
380	134944
381	133870
382	134052
383	134302
384	134304
385	134020
386	134552
387	134661
388	134586
389	135088
390	135373
391	134558
392	134943
393	134728
394	134308
395	134897
396	133992
397	134750
398	135303
399	134655
400	134777
401	135223
402	134256
403	134534
404	133939
405	134597
406	134258
407	134596
408	134148
409	134316
410	134539
411	134461
412	134694
413	135338
414	134146
415	133625
416	134149
417	134325
418	133942
419	133481
420	133815
421	133831
422	134224
423	133490
424	134229
425	133362
426	133253
427	132933
428	132869
429	133362
430	132514
431	132765
432	132522
433	131902
434	131423
435	131626
436	130491
437	130437
438	129159
439	129282
440	128690
441	127385
442	126200
443	125029
444	124524
445	122872
446	122561
447	121707
448	120843
449	121137
450	121423
451	121797
452	122733
453	124342
454	125442
455	125870
456	127354
457	128364
458	129001
459	129319
460	129001
461	130131
462	132121
463	131723
464	131806
465	132039
466	132655
467	132610
468	132965
469	133115
470	133543
471	133451
472	134088
473	132924
474	132958
475	133939
476	133655
477	133701
478	133762
479	133888
480	134303
481	134636
482	133748
483	134542
484	133887
485	134199
486	133929
487	134904
488	134302
489	134705
490	135009
491	134247
492	133694
493	133997
494	134710
495	134189
496	134585
497	135224
498	135070
499	134252
500	134371
501	134504
502	134935
503	134405
504	134810
505	134681
506	134768
507	134757
508	134356
509	134306
510	134423
511	134454
512	134821
513	134643
514	134128
515	133713
516	134308
517	133845
518	134603
519	133767
520	134499
521	135207
522	134325
523	134302
524	134368
525	134433
526	134822
527	133954
528	133988
529	134049
530	133620
531	133859
532	133954
533	133802
534	133957
535	133941
536	132917
537	133225
538	132992
539	133642
540	132003
541	132982
542	131506
543	131887
544	131858
545	130847
546	130124
547	130020
548	129237
549	127397
550	127927
551	126264
552	125783
553	124755
554	123542
555	122292
556	121982
557	121194
558	121277
559	121217
560	121877
561	122218
562	123484
563	124381
564	125413
565	126548
566	127911
567	128820
568	129612
569	129510
570	130365
571	131352
572	132019
573	132118
574	131670
575	132615
576	132618
577	132952
578	132843
579	132650
580	132981
581	133553
582	133400
583	133320
584	134463
585	133162
586	133949
587	134354
588	134120
589	134035
590	134040
591	133300
592	134897
593	134294
594	134165
595	135088
596	134899
597	134778
598	134211
599	134523
600	134289
601	133842
602	134287
603	134816
604	134340
605	134438
606	135134
607	133939
608	134556
609	134999
610	135153
611	134386
612	134775
613	134605
614	134748
615	134691
616	134484
617	134687
618	135216
619	135282
620	134273
621	134848
622	134692
623	134650
624	134912
625	134511
626	134757
627	134375
628	134533
629	134491
630	134476
631	134615
632	134694
633	134359
634	134081
635	133694
636	134497
637	134388
638	134704
639	134532
640	135052
641	134269
642	134184
643	134388
644	134045
645	134237
646	134248
647	133748
648	134102
649	134167
650	134177
651	134075
652	133416
653	134377
654	134051
655	134053
656	134028
657	133602
658	134555
659	133636
660	133548
661	133921
662	133932
663	133640
664	133811
665	133910
666	134245
667	133562
668	133617
669	133702
670	133235
671	132378
672	132800
673	133023
674	132541
675	132819
676	132666
677	132434
678	131957
679	132473
680	131725
681	130878
682	131451
683	130702
684	130056
685	129644
686	129259
687	129423
688	128433
689	127992
690	127961
691	127730
692	126544
693	125135
694	124788
695	123902
696	122871
697	122451
698	121141
699	118646
700	117104
701	116180
702	115131
703	114251
704	112799
705	113053
706	114004
707	114155
708	115814
709	116324
710	118789
711	119332
712	121070
713	122837
714	123695
715	125275
716	126330
717	127173
718	127357
719	128995
720	128636
721	130050
722	130409
723	130092
724	131019
725	130861
726	131326
727	131650
728	131807
729	133020
730	131861
731	132447
732	132045
733	131975
734	133384
735	132419
736	133413
737	132626
738	133186
739	133288
740	134091
741	132807
742	132505
743	133156
744	133813
745	133624
746	132922
747	133286
748	132990
749	133079
750	133066
751	133640
752	133455
753	133733
754	133736
755	133728
756	133624
757	133593
758	133797
759	133483
760	133857
761	133367
762	133756
763	133406
764	133562
765	133848
766	133013
767	133894
768	133887
769	133697
770	133794
771	133648
772	133641
773	133716
774	133913
775	133551
776	133919
777	133244
778	134082
779	133042
780	133957
781	133210
782	133158
783	133598
784	133614
785	133926
786	133615
787	133299
788	133888
789	133224
790	133625
791	132625
792	133339
793	133043
794	133422
795	133240
796	132925
797	132846
798	133285
799	132712
800	133417
801	133760
802	132645
803	132375
804	132435
805	132355
806	132642
807	132299
808	132011
809	131869
810	132380
811	131738
812	132748
813	131354
814	131012
815	131254
816	130827
817	131356
818	131065
819	130853
820	130407
821	130090
822	129626
823	129894
824	129180
825	129033
826	128938
827	128971
828	128499
829	127953
830	127640
831	127837
832	127373
833	126813
834	126863
835	125846
836	126138
837	125021
838	124675
839	123444
840	122625
841	121938
842	121002
843	118901
844	117734
845	117227
846	114802
847	113502
848	111705
849	110240
850	108686
851	108508
852	107056
853	107272
854	107528
855	107402
856	109503
857	110514
858	111705
859	113289
860	114772
861	116614
862	118281
863	119909
864	120916
865	121811
866	122802
867	124364
868	125706
869	125539
870	126722
871	127515
872	127736
873	127934
874	128183
875	129084
876	128931
877	129603
878	129947
879	130467
880	129997
881	130736
882	130413
883	130898
884	131118
885	131252
886	131682
887	131336
888	131337
889	131691
890	131827
891	132116
892	132115
893	131695
894	132555
895	131683
896	131892
897	132635
898	132056
899	132621
900	132558
901	132521
902	132107
903	132398
904	132010
905	132762
906	132583
907	132926
908	132019
909	132140
910	132661
911	132227
912	132161
913	132470
914	133024
915	132315
916	132559
917	132686
918	132390
919	132714
920	133066
921	132638
922	132856
923	132467
924	132584
925	132288
926	132943
927	133309
928	132914
929	132397
930	133071
931	133041
932	132636
933	132604
934	131853
935	132820
936	132416
937	132992
938	132812
939	132659
940	132321
941	132592
942	132984
943	133372
944	132044
945	132280
946	132465
947	132802
948	132698
949	133636
950	132807
951	133036
952	133055
953	132963
954	132721
955	132332
956	132834
957	132459
958	132936
959	132892
960	132691
961	132459
962	132635
963	132224
964	132597
965	132648
966	132835
967	132442
968	132517
969	131122
970	132817
971	132325
972	132529
973	132562
974	132335
975	132337
976	132416
977	132286
978	132731
979	131767
980	132325
981	132195
982	132152
983	132626
984	132409
985	132379
986	132412
987	132071
988	132348
989	132078
990	132193
991	132570
992	132978
993	132991
994	132695
995	133191
996	131947
997	131854
998	132386
999	132418
1000	132679
1001	132374
1002	131943
1003	132279
1004	132661
1005	131706
1006	131826
1007	131610
1008	133109
1009	131601
1010	132315
1011	132276
1012	132371
1013	131963
1014	132687
1015	132555
1016	131672
1017	131881
1018	132188
1019	132514
1020	132092
1021	132460
1022	131518
1023	131264
