RT=UNDEFINED   LT=UNDEFINED
0	372633
1	373076
2	372022
3	372796
4	373471
5	372953
6	373025
7	373880
8	372896
9	372520
10	372310
11	371928
12	373194
13	373083
14	372727
15	373291
16	372754
17	373186
18	372942
19	372579
20	372760
21	372324
22	372993
23	371899
24	372958
25	372728
26	374022
27	372111
28	371608
29	373102
30	373551
31	372229
32	372522
33	373309
34	373109
35	372910
36	373091
37	373934
38	373522
39	372514
40	373776
41	373683
42	373108
43	372548
44	372851
45	373091
46	374323
47	372832
48	372656
49	373495
50	373068
51	373551
52	372755
53	372847
54	373041
55	373942
56	372803
57	373412
58	374195
59	375048
60	372994
61	373838
62	372735
63	373463
64	373191
65	373738
66	373210
67	373119
68	372766
69	372852
70	373738
71	373411
72	371757
73	373304
74	372409
75	373636
76	374225
77	372680
78	373431
79	374195
80	372284
81	373537
82	372881
83	374012
84	373990
85	375036
86	374504
87	373411
88	374180
89	373980
90	373312
91	373278
92	374477
93	373492
94	373925
95	373881
96	372938
97	372892
98	374556
99	373593
100	373879
101	373528
102	374934
103	372228
104	373983
105	375059
106	373387
107	373606
108	373034
109	373979
110	373169
111	373933
112	373845
113	373002
114	373366
115	374187
116	373916
117	374638
118	373651
119	373592
120	374807
121	374316
122	373473
123	373670
124	373301
125	374335
126	373829
127	373225
128	374038
129	374061
130	374411
131	374650
132	375304
133	373480
134	373135
135	374020
136	373882
137	373576
138	373276
139	373616
140	373309
141	374273
142	375363
143	375021
144	373663
145	374369
146	374167
147	373246
148	374214
149	373506
150	374341
151	373380
152	372887
153	374583
154	375426
155	373630
156	375299
157	374788
158	373708
159	374225
160	374583
161	374091
162	374233
163	373003
164	373359
165	374008
166	375468
167	374448
168	373733
169	373218
170	375103
171	375041
172	374062
173	374793
174	373535
175	374322
176	375082
177	374369
178	374568
179	373651
180	374414
181	373919
182	373771
183	374296
184	375045
185	374435
186	374716
187	374677
188	374118
189	373877
190	375317
191	375224
192	373339
193	374803
194	375375
195	375006
196	374995
197	374085
198	374735
199	373837
200	374249
201	375667
202	375221
203	374128
204	374405
205	375597
206	374480
207	374897
208	373248
209	374253
210	373993
211	373886
212	375048
213	375006
214	374401
215	375117
216	374962
217	375842
218	374265
219	374097
220	374521
221	374994
222	374389
223	374647
224	374507
225	374335
226	374704
227	374756
228	373786
229	374777
230	374597
231	374775
232	374812
233	374940
234	374757
235	374947
236	374259
237	374564
238	375037
239	374710
240	374108
241	375101
242	373944
243	374894
244	373202
245	374643
246	374662
247	374706
248	374749
249	374721
250	374909
251	374255
252	373898
253	374551
254	374789
255	373713
256	374560
257	373510
258	375122
259	375294
260	373836
261	374293
262	375358
263	374135
264	373861
265	374766
266	374605
267	373624
268	374319
269	374859
270	375598
271	374904
272	374509
273	374738
274	374483
275	374900
276	374358
277	375076
278	374751
279	375137
280	374746
281	375325
282	375505
283	374497
284	374027
285	374089
286	375432
287	375089
288	374991
289	375520
290	375413
291	375017
292	374974
293	375057
294	374828
295	374543
296	374231
297	374889
298	375251
299	375746
300	375344
301	374485
302	374827
303	375076
304	374679
305	374753
306	374088
307	374449
308	374795
309	375459
310	374848
311	375861
312	374234
313	375108
314	374819
315	373982
316	373803
317	374892
318	374890
319	373753
320	375316
321	375181
322	375231
323	375097
324	374871
325	375199
326	374522
327	374357
328	374427
329	375919
330	373982
331	374860
332	375508
333	374458
334	373920
335	375201
336	375326
337	373667
338	373921
339	374835
340	374278
341	375009
342	374896
343	374685
344	374275
345	375214
346	373772
347	375303
348	374452
349	374642
350	374815
351	374348
352	373931
353	374694
354	374450
355	374338
356	375398
357	374487
358	375066
359	373214
360	374108
361	373668
362	373213
363	374867
364	374627
365	373702
366	373409
367	373930
368	373100
369	373989
370	373513
371	374105
372	374648
373	373782
374	374284
375	373843
376	374756
377	373490
378	374035
379	373653
380	372567
381	373374
382	373486
383	372682
384	373552
385	373352
386	373447
387	373532
388	371751
389	373894
390	371996
391	372834
392	372808
393	372407
394	372168
395	371634
396	372182
397	371442
398	370190
399	370551
400	371622
401	370609
402	369585
403	370551
404	371233
405	368939
406	369328
407	369473
408	368847
409	368481
410	368018
411	367100
412	365425
413	365125
414	365307
415	364539
416	364380
417	363870
418	363854
419	361719
420	362235
421	359379
422	359845
423	357394
424	357468
425	356951
426	358051
427	355584
428	355730
429	354945
430	355187
431	354795
432	354884
433	355149
434	355064
435	355596
436	354944
437	356386
438	357464
439	358520
440	359582
441	358408
442	360413
443	359181
444	361671
445	361407
446	362810
447	364079
448	363688
449	364450
450	364952
451	365703
452	365442
453	366051
454	368456
455	369214
456	368255
457	368395
458	369527
459	369539
460	369771
461	369854
462	370685
463	371084
464	369609
465	371454
466	370613
467	371644
468	371623
469	371973
470	372760
471	371029
472	372232
473	373177
474	372252
475	373487
476	372416
477	372429
478	373899
479	373430
480	373473
481	373969
482	373953
483	372690
484	373462
485	373672
486	373840
487	373545
488	373645
489	373309
490	373576
491	373720
492	373130
493	372683
494	373100
495	372794
496	373547
497	374032
498	374540
499	374755
500	373690
501	373415
502	373228
503	374269
504	374551
505	373482
506	373826
507	374354
508	373964
509	373431
510	374375
511	374295
512	374993
513	375116
514	374672
515	374767
516	375089
517	374501
518	374484
519	374011
520	375313
521	375179
522	374377
523	374416
524	374196
525	374667
526	374866
527	374319
528	375207
529	373566
530	374601
531	373922
532	374945
533	374183
534	374606
535	374258
536	374116
537	374828
538	374807
539	375301
540	374862
541	374247
542	374204
543	374858
544	374627
545	374838
546	374481
547	375466
548	374846
549	375547
550	374933
551	374486
552	375001
553	375113
554	374518
555	375412
556	374893
557	375137
558	374663
559	374767
560	375120
561	373768
562	374432
563	374011
564	373284
565	374042
566	375185
567	375571
568	375289
569	374520
570	375428
571	374784
572	373948
573	373981
574	375455
575	374955
576	375734
577	375906
578	374126
579	374861
580	374921
581	375097
582	375189
583	373212
584	374405
585	374649
586	373971
587	374679
588	374355
589	373786
590	374758
591	374344
592	373246
593	374887
594	373776
595	373598
596	374245
597	374206
598	374666
599	373787
600	374368
601	373462
602	374544
603	373572
604	374246
605	373605
606	373944
607	373123
608	372834
609	373802
610	373524
611	372558
612	373066
613	373228
614	372861
615	372837
616	371979
617	371601
618	372762
619	370486
620	371268
621	372276
622	372236
623	372449
624	370994
625	370304
626	371807
627	371367
628	371066
629	369658
630	370478
631	369323
632	369937
633	369317
634	368489
635	369237
636	368168
637	368148
638	366657
639	366683
640	365644
641	365109
642	364933
643	363610
644	364795
645	362093
646	362539
647	362106
648	360358
649	360410
650	359228
651	358342
652	357775
653	357567
654	356486
655	355036
656	356323
657	355770
658	354701
659	353624
660	354035
661	354303
662	354487
663	355257
664	355757
665	356426
666	356815
667	357525
668	359411
669	358338
670	359688
671	360715
672	360373
673	362323
674	362656
675	362889
676	363942
677	363520
678	364903
679	365716
680	366448
681	366924
682	367057
683	368391
684	368846
685	367771
686	369973
687	369032
688	369522
689	369891
690	370580
691	371109
692	369633
693	371205
694	371269
695	371794
696	370769
697	371091
698	371689
699	371631
700	372041
701	372463
702	372626
703	372584
704	371700
705	372342
706	372370
707	372732
708	373020
709	373799
710	372292
711	372143
712	373576
713	373399
714	372447
715	372798
716	373313
717	373569
718	373474
719	374473
720	372180
721	373857
722	373125
723	373606
724	373362
725	373752
726	374017
727	373578
728	372979
729	373219
730	374039
731	373505
732	373919
733	374369
734	374395
735	374266
736	373285
737	375006
738	373263
739	374349
740	373117
741	374501
742	373108
743	374102
744	374490
745	373677
746	375294
747	373774
748	374228
749	373978
750	373257
751	374326
752	373825
753	374660
754	374182
755	372765
756	374141
757	374373
758	374485
759	374778
760	374476
761	374763
762	373559
763	372969
764	375169
765	374896
766	374063
767	374419
768	375693
769	376255
770	373670
771	373671
772	374454
773	374558
774	374380
775	374568
776	374954
777	373797
778	374288
779	374203
780	374509
781	374821
782	375030
783	374336
784	374307
785	375011
786	373727
787	374249
788	374960
789	374292
790	374752
791	374819
792	374193
793	374367
794	374716
795	374088
796	374292
797	374048
798	374348
799	373949
800	375448
801	373345
802	374431
803	374438
804	373307
805	373525
806	374613
807	374391
808	373595
809	374755
810	372961
811	373932
812	375453
813	374812
814	374561
815	374466
816	374213
817	373989
818	373469
819	373901
820	373656
821	373380
822	374054
823	374013
824	374726
825	374235
826	373900
827	373511
828	373945
829	374455
830	372567
831	374200
832	373673
833	373999
834	373690
835	374336
836	373707
837	374375
838	374451
839	375564
840	372669
841	374216
842	374494
843	373780
844	373110
845	373768
846	373270
847	373938
848	374459
849	374069
850	373787
851	373242
852	373905
853	373012
854	373176
855	374033
856	375134
857	374223
858	374721
859	374078
860	374553
861	374147
862	375109
863	374955
864	374025
865	374151
866	374439
867	373825
868	373516
869	374391
870	374087
871	374703
872	374494
873	373785
874	373259
875	374042
876	373680
877	373015
878	373862
879	373642
880	373239
881	374345
882	373385
883	374945
884	373145
885	373499
886	373608
887	373108
888	372405
889	373918
890	374141
891	372606
892	373904
893	373404
894	373633
895	373955
896	372821
897	374724
898	373474
899	373134
900	374491
901	373854
902	373999
903	374105
904	374088
905	373910
906	373255
907	373960
908	373520
909	372364
910	373926
911	373007
912	374882
913	374361
914	372831
915	373130
916	372701
917	372450
918	373010
919	372238
920	373542
921	373887
922	373779
923	373854
924	372041
925	372880
926	373003
927	373110
928	372643
929	373203
930	373624
931	373031
932	372787
933	373150
934	372950
935	373138
936	373222
937	373554
938	372947
939	373798
940	373049
941	372171
942	373691
943	373390
944	372649
945	373444
946	372999
947	373128
948	374214
949	374236
950	373690
951	372910
952	372864
953	372936
954	373205
955	373199
956	373397
957	374185
958	372462
959	372488
960	372944
961	371688
962	372630
963	373618
964	373141
965	373823
966	373051
967	372789
968	373053
969	373138
970	372639
971	372191
972	372320
973	372601
974	371882
975	372867
976	372505
977	373487
978	372700
979	372980
980	372329
981	371667
982	373272
983	372832
984	372331
985	373468
986	372588
987	371851
988	373776
989	372382
990	371569
991	372965
992	373193
993	372711
994	372700
995	372394
996	371808
997	372690
998	372037
999	372878
1000	372292
1001	372076
1002	372590
1003	372865
1004	372222
1005	372691
1006	373026
1007	373112
1008	372386
1009	372324
1010	371607
1011	372682
1012	373388
1013	371775
1014	373033
1015	373289
1016	371710
1017	371950
1018	372486
1019	371533
1020	373341
1021	371976
1022	372079
1023	372700
