RT=UNDEFINED   LT=UNDEFINED
0	11438
1	11267
2	11252
3	11384
4	11436
5	11372
6	11274
7	11358
8	11386
9	11533
10	11437
11	11168
12	11453
13	11471
14	11243
15	11422
16	11316
17	11348
18	11426
19	11443
20	11394
21	11473
22	11358
23	11360
24	11135
25	11353
26	11388
27	11418
28	11468
29	11262
30	11221
31	11426
32	11528
33	11347
34	11434
35	11365
36	11536
37	11308
38	11594
39	11321
40	11337
41	11293
42	11393
43	11373
44	11188
45	11394
46	11366
47	11522
48	11441
49	11409
50	11202
51	11310
52	11469
53	11347
54	11391
55	11297
56	11273
57	11481
58	11367
59	11495
60	11321
61	11321
62	11434
63	11309
64	11316
65	11468
66	11453
67	11438
68	11298
69	11607
70	11546
71	11383
72	11348
73	11309
74	11425
75	11297
76	11467
77	11445
78	11329
79	11388
80	11374
81	11321
82	11346
83	11465
84	11397
85	11444
86	11262
87	11265
88	11293
89	11362
90	11330
91	11523
92	11500
93	11409
94	11307
95	11451
96	11395
97	11362
98	11261
99	11362
100	11561
101	11302
102	11345
103	11488
104	11254
105	11257
106	11327
107	11200
108	11394
109	11384
110	11433
111	11387
112	11104
113	11452
114	11417
115	11328
116	11378
117	11508
118	11311
119	11480
120	11334
121	11555
122	11248
123	11357
124	11439
125	11489
126	11480
127	11301
128	11390
129	11259
130	11462
131	11479
132	11462
133	11431
134	11438
135	11352
136	11450
137	11306
138	11400
139	11492
140	11521
141	11519
142	11309
143	11486
144	11407
145	11582
146	11436
147	11398
148	11370
149	11362
150	11527
151	11462
152	11475
153	11472
154	11281
155	11253
156	11424
157	11520
158	11446
159	11422
160	11636
161	11390
162	11402
163	11415
164	11522
165	11198
166	11450
167	11439
168	11400
169	11318
170	11433
171	11519
172	11328
173	11420
174	11508
175	11585
176	11392
177	11293
178	11408
179	11556
180	11398
181	11409
182	11380
183	11470
184	11342
185	11388
186	11498
187	11398
188	11547
189	11429
190	11529
191	11458
192	11441
193	11451
194	11434
195	11225
196	11489
197	11330
198	11453
199	11486
200	11334
201	11448
202	11376
203	11303
204	11559
205	11312
206	11452
207	11473
208	11383
209	11424
210	11358
211	11347
212	11440
213	11356
214	11315
215	11370
216	11442
217	11452
218	11390
219	11387
220	11367
221	11309
222	11587
223	11316
224	11184
225	11502
226	11437
227	11337
228	11499
229	11392
230	11302
231	11302
232	11450
233	11373
234	11294
235	11287
236	11420
237	11328
238	11479
239	11443
240	11422
241	11434
242	11348
243	11487
244	11641
245	11327
246	11448
247	11461
248	11388
249	11411
250	11454
251	11491
252	11200
253	11456
254	11427
255	11275
256	11449
257	11398
258	11369
259	11344
260	11293
261	11609
262	11329
263	11263
264	11469
265	11288
266	11491
267	11414
268	11511
269	11281
270	11368
271	11328
272	11358
273	11281
274	11384
275	11439
276	11402
277	11335
278	11502
279	11359
280	11482
281	11483
282	11299
283	11267
284	11205
285	11355
286	11644
287	11610
288	11531
289	11381
290	11431
291	11590
292	11368
293	11419
294	11533
295	11228
296	11322
297	11382
298	11398
299	11318
300	11524
301	11366
302	11496
303	11446
304	11418
305	11361
306	11355
307	11619
308	11491
309	11468
310	11475
311	11267
312	11475
313	11490
314	11353
315	11404
316	11357
317	11493
318	11365
319	11435
320	11306
321	11405
322	11301
323	11360
324	11400
325	11539
326	11324
327	11337
328	11479
329	11403
330	11360
331	11359
332	11400
333	11228
334	11199
335	11423
336	11489
337	11355
338	11274
339	11456
340	11217
341	11411
342	11425
343	11417
344	11263
345	11134
346	11456
347	11217
348	11147
349	11310
350	11058
351	11405
352	11332
353	11222
354	11288
355	11511
356	11209
357	11337
358	11266
359	11176
360	11320
361	11385
362	11231
363	11363
364	11179
365	11262
366	11182
367	11362
368	11140
369	11285
370	11220
371	11341
372	11022
373	11346
374	11093
375	11404
376	11380
377	11356
378	11339
379	11293
380	11486
381	11400
382	11180
383	11408
384	11146
385	11290
386	11296
387	11251
388	11110
389	11292
390	11349
391	11178
392	11134
393	11347
394	11225
395	11141
396	11158
397	11400
398	11316
399	11220
400	11236
401	11158
402	11194
403	11184
404	11077
405	11180
406	11212
407	11127
408	11444
409	11124
410	11215
411	11055
412	11000
413	10984
414	11221
415	11100
416	11043
417	11164
418	11069
419	11137
420	11103
421	11162
422	10839
423	10968
424	10824
425	11208
426	10920
427	10822
428	11022
429	11035
430	11033
431	10889
432	11062
433	11019
434	11116
435	10962
436	11075
437	10948
438	10855
439	10862
440	10847
441	10877
442	10669
443	10739
444	10894
445	10816
446	10917
447	10922
448	10766
449	10725
450	10638
451	10627
452	10659
453	10691
454	10595
455	10759
456	10713
457	10578
458	10505
459	10595
460	10572
461	10643
462	10525
463	10652
464	10376
465	10505
466	10781
467	10376
468	10507
469	10268
470	10239
471	10205
472	10220
473	10245
474	10399
475	10298
476	10180
477	10275
478	10153
479	10075
480	9734
481	10092
482	9942
483	9822
484	9704
485	9643
486	9810
487	9648
488	9630
489	9467
490	9591
491	9419
492	9315
493	9269
494	9151
495	9294
496	9287
497	9022
498	9277
499	9103
500	9091
501	9070
502	9148
503	8967
504	8929
505	8906
506	8844
507	8892
508	8744
509	8720
510	8805
511	8643
512	8682
513	8648
514	8569
515	8446
516	8273
517	8189
518	8016
519	7929
520	7751
521	7920
522	7684
523	7849
524	7870
525	7776
526	7572
527	7480
528	7519
529	7324
530	7311
531	7405
532	7451
533	7387
534	7357
535	7329
536	7195
537	7247
538	7378
539	7082
540	7154
541	7250
542	7280
543	7230
544	7238
545	7456
546	7178
547	7073
548	7467
549	7309
550	7398
551	7378
552	7454
553	7374
554	7467
555	7690
556	7580
557	7721
558	7408
559	7587
560	7803
561	7724
562	7727
563	7714
564	7867
565	7946
566	8148
567	8064
568	8042
569	8223
570	8404
571	8316
572	8491
573	8437
574	8603
575	8649
576	8833
577	8931
578	8831
579	8981
580	9070
581	9111
582	9167
583	9237
584	9427
585	9479
586	9536
587	9489
588	9565
589	9696
590	9797
591	9746
592	9901
593	9885
594	9942
595	10092
596	9928
597	10118
598	10022
599	10021
600	10089
601	10319
602	10075
603	10258
604	10412
605	10449
606	10299
607	10231
608	10408
609	10473
610	10697
611	10542
612	10458
613	10570
614	10645
615	10649
616	10780
617	10589
618	10780
619	10861
620	10549
621	10730
622	10847
623	10671
624	10913
625	10500
626	10846
627	10980
628	10815
629	10872
630	10901
631	10960
632	10931
633	10824
634	10839
635	10873
636	10794
637	10866
638	10937
639	10966
640	11143
641	11047
642	10871
643	10996
644	11054
645	11001
646	11120
647	11039
648	11063
649	11255
650	10727
651	11056
652	10931
653	10882
654	11094
655	11046
656	11362
657	11041
658	11066
659	10915
660	11138
661	11064
662	11128
663	11297
664	11083
665	11206
666	11095
667	11078
668	11199
669	11275
670	10959
671	11207
672	11187
673	11144
674	11213
675	11166
676	11120
677	11186
678	11083
679	11201
680	11282
681	11213
682	11182
683	11174
684	11182
685	11304
686	11120
687	11179
688	11318
689	11387
690	11235
691	11336
692	11218
693	11307
694	11280
695	11285
696	11402
697	11299
698	11319
699	11357
700	11383
701	11484
702	11484
703	11272
704	11292
705	11314
706	11178
707	11280
708	11361
709	11252
710	11386
711	11217
712	11376
713	11297
714	11280
715	11269
716	11384
717	11389
718	11434
719	11477
720	11403
721	11233
722	11298
723	11090
724	11480
725	11393
726	11511
727	11159
728	11191
729	11316
730	11248
731	11418
732	11182
733	11213
734	11330
735	11535
736	11519
737	11498
738	11428
739	11490
740	11415
741	11414
742	11473
743	11164
744	11493
745	11404
746	11375
747	11523
748	11338
749	11448
750	11406
751	11455
752	11280
753	11516
754	11309
755	11136
756	11567
757	11343
758	11083
759	11377
760	11360
761	11337
762	11326
763	11325
764	11336
765	11473
766	11357
767	11385
768	11354
769	11380
770	11392
771	11312
772	11460
773	11417
774	11598
775	11259
776	11595
777	11289
778	11399
779	11482
780	11587
781	11388
782	11404
783	11445
784	11590
785	11398
786	11378
787	11431
788	11280
789	11358
790	11549
791	11547
792	11489
793	11408
794	11404
795	11319
796	11347
797	11368
798	11270
799	11489
800	11479
801	11360
802	11310
803	11215
804	11508
805	11464
806	11365
807	11540
808	11489
809	11446
810	11539
811	11514
812	11649
813	11399
814	11499
815	11507
816	11387
817	11444
818	11255
819	11294
820	11216
821	11362
822	11466
823	11470
824	11320
825	11335
826	11468
827	11417
828	11374
829	11321
830	11466
831	11450
832	11376
833	11255
834	11321
835	11324
836	11507
837	11403
838	11530
839	11495
840	11409
841	11380
842	11504
843	11388
844	11259
845	11519
846	11179
847	11456
848	11489
849	11512
850	11482
851	11409
852	11429
853	11278
854	11549
855	11433
856	11522
857	11386
858	11503
859	11564
860	11493
861	11493
862	11493
863	11409
864	11474
865	11420
866	11478
867	11401
868	11427
869	11518
870	11355
871	11247
872	11269
873	11435
874	11472
875	11316
876	11382
877	11377
878	11430
879	11249
880	11555
881	11340
882	11631
883	11357
884	11315
885	11188
886	11338
887	11451
888	11524
889	11362
890	11443
891	11290
892	11455
893	11556
894	11363
895	11393
896	11325
897	11360
898	11467
899	11423
900	11475
901	11490
902	11410
903	11516
904	11507
905	11565
906	11458
907	11307
908	11400
909	11445
910	11416
911	11527
912	11358
913	11484
914	11384
915	11418
916	11542
917	11420
918	11377
919	11349
920	11396
921	11360
922	11401
923	11378
924	11272
925	11376
926	11322
927	11389
928	11466
929	11333
930	11613
931	11353
932	11374
933	11428
934	11368
935	11377
936	11437
937	11407
938	11352
939	11371
940	11398
941	11305
942	11410
943	11359
944	11182
945	11385
946	11330
947	11457
948	11304
949	11355
950	11432
951	11253
952	11511
953	11346
954	11596
955	11344
956	11455
957	11480
958	11505
959	11397
960	11580
961	11404
962	11576
963	11495
964	11429
965	11346
966	11444
967	11282
968	11146
969	11380
970	11376
971	11378
972	11406
973	11520
974	11410
975	11344
976	11331
977	11556
978	11357
979	11346
980	11338
981	11395
982	11367
983	11460
984	11471
985	11319
986	11451
987	11428
988	11406
989	11490
990	11370
991	11354
992	11332
993	11311
994	11298
995	11342
996	11298
997	11451
998	11389
999	11345
1000	11204
1001	11485
1002	11501
1003	11493
1004	11371
1005	11269
1006	11362
1007	11305
1008	11460
1009	11268
1010	11468
1011	11381
1012	11299
1013	11557
1014	11327
1015	11274
1016	11364
1017	11241
1018	11230
1019	11514
1020	11290
1021	11360
1022	11366
1023	11429
